course,course1
mpe,mpe1
